1224
1212
1212
1224
1224
1212
1229
1229
1229
1229
1229
1229
1229
1229
1229
1229
1229
1229
1269
1269
1269
1265
1265
1265
1269
4325
2095
309
1182
1171
1167
1167
1167
1167
1167
1167
1167
1167
1167
1167
1167
1159
1159
1159
1159
492
492
492
492
492
492
7935
7907
7913
7952
7935
7935
7935
7935
7935
8016
8016
8016
8016
8016
8034
8062
8062
8062
8062
2303
2274
2274
7935
7935
492
492
492
492
492
492
9510
9574
9564
9647
9662
6794
6784
6784
6767
6753
13021
13021
13024
13024
2673
2664
2659
2655
2655
2655
2655
2655
2655
366
366
366
366
366
366
366
2274
2274
2259
2259
2259
2259
2259
2259
2238
2238
2238
2238
11514
11514
11514
11514
3109
3109
3093
3093
3093
3127
3127
3127
3127
2778
2778
2778
2778
2778
2778
2778
2778
2778
16782
16782
16768
16768
16768
16840
16857
16822
16895
16744
16687
16706
16694
16639
16639
16639
16639
16639
16578
16574
16582
16571
16661
14136
14136
14114
14004
14040
14040
13883
13851
13851
13851
309
2095
4325
58463
58295
58293
58293
40950
40954
40954
40945
40945
40944
40943
40942
40940
40934
40934
40931
40938
40939
40940
40940
40943
40945
40946
40945
40946
38107
38000
38000
38000
62236
61326
61054
60874
60782
60782
60782
60770
60615
60552
60404
59831
59831
59831
59715
59686
58371
58269
57995
57810
57810
57712
57712
57712
57712
57712
57624
57582
57560
56805
57522
57491
57430
57269
57269
57229
57229
57229
57229
57145
57145
57145
57145
57145
56992
56992
56842
56805
56805
56805
56805
56805
56805
56805
56805
56805
56805
56805
56805
56805
56805
56805
61400
61330
61208
61208
61208
61208
61020
61020
61020
60964
60910
60910
60822
60822
60822
60752
63268
63262
63368
63368
63368
63368
63368
63498
63519
63365
63235
63183
63103
63175
62733
62703
62703
62663
62663
62777
62649
62641
62742
62740
62802
62802
62802
62802
62808
62808
62808
62808
55990
56117
84711
84711
84711
84659
62042
62042
62044
62044
62044
62042
62042
62041
62040
62041
62042
62042
84659
84921
85088
85087
85133
85189
85449
85509
85657
85565
85605
85650
85584
85584
85498
85412
85455
85457
85468
85429
85481
85482
85486
85434
85434
85486
85519
85637
85692
85713
82900
82900
82082
82082
81983
81983
81983
81983
81987
81909
81987
81987
81987
81987
81987
81987
92648
92628
92754
92754
92754
92664
92664
92664
92664
92754
92754
92664
92664
92664
92746
92754
92774
92774
94789
94789
94789
94789
94611
94522
94477
94477
94477
94477
94477
94477
94477
94445
94473
94473
94325
94325
94325
94325
95530
95530
95530
95522
95522
95465
95465
95465
95457
95457
95465
92774
92774
92765
92765
92765
92765
92765
92765
92675
92675
92675
92675
92675
92675
92776
82188
82188
82188
82188
82188
82554
82424
82294
82102
82111
82111
82100
81994
81994
82100
82100
82052
82050
82050
82052
82253
82149
82153
82126
82082
82084
82086
70961
70961
70961
70961
70961
71096
71126
71126
71126
71126
71126
71126
71126
71126
71126
71126
71138
71138
71138
71170
71214
71214
71214
71214
71214
71214
71214
71214
71214
71288
71288
71288
70592
70592
70623
70625
70625
76487
76487
76487
76487
76487
76487
76487
76487
76487
76455
76455
76319
76319
76319
76455
76455
76455
76455
76455
76487
76607
76861
76861
76861
76861
76861
76861
77280
77295
77295
77295
77295
77062
77058
77058
77058
76913
76913
76913
76913
76913
76913
76861
76861
76861
76861
76861
76833
76607
76487
76487
76487
76487
76487
76487
76487
76487
76487
76487
76487
39641
39641
39641
39641
39641
39641
39641
39641
39641
39641
39641
39673
39673
39673
39673
39673
39673
39673
39673
39673
39673
39641
39641
39641
39641
39641
39641
39641
39641
39641
39641
39641
39673
39641
39641
39641
39709
39709
39709
39709
39709
39709
39709
39709
39709
39709
39709
39672
39672
39672
39672
39672
39672
39672
39672
39672
39672
39672
39672
39672
39672
39672
39672
39670
39670
39670
39670
39670
39602
39602
39602
39602
39639
39639
39639
39639
39639
39639
39639
39639
39639
39639
39639
39639
39639
39639
39641
39641
39641
39641
39641
39641
39641
39641
39641
39641
39641
39641
39641
39641
39641
39641
39641
39641
39641
39641
39641
39641
39641
39641
39641
39641
39641
39641
39641
39641
39641
39741
39741
39741
39741
39741
39741
39741
39741
39741
39741
39741
39741
39741
39741
39741
39741
39735
39673
39673
90332
89983
90079
90077
90077
90410
90356
90356
90554
90661
89412
89412
89393
90458
90458
90530
90530
90530
90530
90530
90530
90414
90354
90294
90200
90198
90198
90362
90372
86561
86561
86561
86580
86582
86580
86580
86598
86590
86570
86551
86551
86532
86532
86532
86532
86551
86551
86570
86551
86551
86534
86532
86532
86532
86532
86532
86532
86532
86532
86532
86532
86532
86532
86532
86532
85207
85209
85213
85213
85015
85015
85650
84905
84886
84886
84901
84901
85097
85209
85207
84202
84223
84223
84223
84223
83815
83819
83819
83821
83821
83837
83831
88353
88467
88469
88469
88467
88467
88463
88463
88463
88463
88463
88442
88442
88463
88463
88463
88393
88391
88383
88383
88383
88383
88383
88277
88277
88277
88277
88277
88283
88286
88286
88286
87409
87532
87526
87526
87471
87471
87471
87467
87396
87375
87375
87375
87232
87232
87232
87101
87101
87101
87101
87101
87101
87103
87103
87102
87102
87101
87100
87098
87100
87101
87101
86867
83210
83210
83209
83201
83201
83186
83186
83182
83186
83083
83062
83252
83149
83108
83085
83085
61892
61990
61992
61992
61990
61990
61995
61990
61990
62144
62138
62138
62144
62009
62011
62011
79021
79021
79156
79156
79156
79156
79156
124907
124907
124907
124907
124907
124907
124907
124907
124907
124907
124907
124907
124907
124907
124907
124907
124883
124883
124883
124883
124883
124883
124883
124907
124907
126897
126897
126821
126821
126819
126819
126819
100293
100031
99933
99599
99391
99391
99457
99299
99245
99183
99183
99183
99119
99119
99093
99042
99042
99042
99042
99042
98940
98985
98985
98985
98983
83473
83510
83508
83508
83508
83508
83612
86493
86493
86491
86491
86493
86534
86551
86551
86551
86551
86551
86551
86532
86532
86532
86532
86532
86532
86532
86532
86532
86532
86532
86532
86532
86682
85600
85600
85600
85600
85596
85596
85596
85600
85600
86264
86268
86268
86268
86268
62598
62598
62598
62598
62598
62598
62622
62622
62622
62622
62622
62622
62622
62598
62599
62600
62603
62453
62455
62456
62456
62455
62453
62450
62453
62455
62455
62453
62453
62453
62450
62448
62448
62510
62518
62518
62518
62441
62441
62440
62440
62441
62444
62447
62447
62449
62447
62447
62472
62472
62472
62472
62472
62472
62447
62447
62441
62441
62440
62440
62435
62434
62432
62432
62432
86118
86110
86110
86110
85377
85373
85373
85377
86085
86143
86168
86114
83467
83471
83471
83467
85684
85684
85684
85684
52463
52463
52463
52331
52331
52331
52331
52331
52331
52331
52331
52331
52331
52331
52331
52331
52396
52463
52463
52463
52463
52463
52463
52463
52457
52457
52429
52429
50188
50188
50188
50188
50225
50225
50225
50225
50225
50225
50191
50191
50191
50191
50191
50098
50098
50098
50098
50098
50176
50176
50176
50176
50176
50176
50176
50176
50176
50256
50256
50256
51380
51380
51406
51504
51436
51436
51536
51536
51536
51536
51546
51886
51886
51886
51886
51886
51886
51886
51886
51886
51886
51886
51886
51923
51923
51923
51925
52423
52423
52347
52215
52215
50254
50252
50252
50252
50265
50263
50269
50267
50267
50267
50267
50267
50267
50267
50267
50267
50267
50267
50267
50267
50267
50267
50267
50295
50291
50255
50253
50241
50241
50241
50241
50265
50230
50230
50230
50230
50230
50230
50280
50280
50280
50280
50280
50280
50280
50280
50280
50280
50402
50402
50402
50402
50402
50402
50402
50402
50402
50402
50402
50402
50402
50402
50402
50402
61753
61753
61753
61753
61753
61753
61581
61581
61581
61581
61581
61581
61631
61778
61778
61778
61778
61778
61778
61778
61778
61778
61881
61881
61881
61881
61881
61778
61778
61778
61778
61778
50280
50280
50280
50280
50280
50280
50504
50504
50504
50504
50504
50504
50504
50504
50504
50504
50504
50504
50504
50504
50504
50504
50504
50504
50504
50504
50504
50504
50504
50504
50504
50504
52267
52267
52267
52267
52267
52267
52043
52043
52043
52043
52043
52043
52043
52043
52043
52043
52043
52043
52043
52043
52043
52043
52043
52043
52043
52043
52043
52043
52051
52051
52051
52059
50280
50280
50280
50280
50280
50280
50564
50564
50564
50564
50564
50564
50564
50564
50402
50402
50402
50402
50402
50402
50402
50402
50402
50402
50402
50402
50402
50402
50402
50402
50402
50402
52052
52052
52052
52052
52052
52052
52052
52052
52052
52052
52052
52052
52052
52052
52068
52068
52068
52068
52090
52090
52090
52090
52090
52090
52150
52150
52150
51840
51834
51834
51822
51818
42049
42049
42049
42049
42049
42049
42049
42049
42049
42049
42049
42049
42049
42049
28151
28151
28151
28151
28151
28151
28151
28151
28151
28151
28151
28151
28151
28151
28151
28151
28151
28151
28151
28151
28151
28116
28116
28059
28059
28059
28059
28059
28059
28059
28059
28059
28059
28059
28059
28059
28059
28059
28059
28059
27950
27950
27928
27928
27928
27794
27794
27794
27794
27794
24413
24413
24547
24547
24547
24569
24569
24569
24858
24770
24770
24770
24770
24770
24770
24770
24770
24770
24770
24770
24770
24770
24770
24770
24770
24770
24770
24770
24770
24770
24770
24770
30144
30178
30178
30178
30178
30178
30178
30178
30178
30178
30178
30291
30291
30291
30291
30291
30291
30291
30291
30291
30289
30288
30283
30281
30280
30280
30280
30280
30280
30280
30280
30280
28151
28151
28151
28151
28151
28151
28151
28151
28151
28151
28151
28151
28151
28151
28151
28151
28151
28151
28151
28151
28151
28151
28151
28151
42798
